 1.000E+00 1.020E+00 1.041E+00 1.062E+00 1.083E+00 1.105E+00 1.127E+00 1.150E+00 1.174E+00 1.197E+00 1.221E+00 1.246E+00 1.271E+00 1.297E+00 1.323E+00 1.350E+00 1.377E+00 1.405E+00 1.433E+00 1.462E+00 1.492E+00 1.522E+00 1.553E+00 1.584E+00 1.616E+00 1.649E+00 1.682E+00 1.716E+00 1.751E+00 1.786E+00 1.822E+00 1.859E+00 1.896E+00 1.935E+00 1.974E+00 2.014E+00 2.054E+00 2.096E+00 2.138E+00 2.181E+00 2.226E+00 2.270E+00 2.316E+00 2.363E+00 2.411E+00 2.460E+00 2.509E+00 2.560E+00 2.612E+00 2.664E+00
 9.996E-01 1.020E+00 1.040E+00 1.061E+00 1.083E+00 1.105E+00 1.127E+00 1.150E+00 1.173E+00 1.197E+00 1.221E+00 1.246E+00 1.271E+00 1.296E+00 1.323E+00 1.349E+00 1.377E+00 1.404E+00 1.433E+00 1.462E+00 1.491E+00 1.521E+00 1.552E+00 1.583E+00 1.615E+00 1.648E+00 1.681E+00 1.715E+00 1.750E+00 1.785E+00 1.821E+00 1.858E+00 1.896E+00 1.934E+00 1.973E+00 2.013E+00 2.054E+00 2.095E+00 2.137E+00 2.181E+00 2.225E+00 2.270E+00 2.315E+00 2.362E+00 2.410E+00 2.459E+00 2.508E+00 2.559E+00 2.611E+00 2.663E+00
 9.984E-01 1.019E+00 1.039E+00 1.060E+00 1.082E+00 1.103E+00 1.126E+00 1.148E+00 1.172E+00 1.195E+00 1.219E+00 1.244E+00 1.269E+00 1.295E+00 1.321E+00 1.348E+00 1.375E+00 1.403E+00 1.431E+00 1.460E+00 1.489E+00 1.520E+00 1.550E+00 1.582E+00 1.613E+00 1.646E+00 1.679E+00 1.713E+00 1.748E+00 1.783E+00 1.819E+00 1.856E+00 1.893E+00 1.932E+00 1.971E+00 2.011E+00 2.051E+00 2.093E+00 2.135E+00 2.178E+00 2.222E+00 2.267E+00 2.313E+00 2.359E+00 2.407E+00 2.456E+00 2.505E+00 2.556E+00 2.608E+00 2.660E+00
 9.964E-01 1.017E+00 1.037E+00 1.058E+00 1.079E+00 1.101E+00 1.123E+00 1.146E+00 1.169E+00 1.193E+00 1.217E+00 1.242E+00 1.267E+00 1.292E+00 1.318E+00 1.345E+00 1.372E+00 1.400E+00 1.428E+00 1.457E+00 1.486E+00 1.516E+00 1.547E+00 1.578E+00 1.610E+00 1.643E+00 1.676E+00 1.710E+00 1.744E+00 1.780E+00 1.816E+00 1.852E+00 1.890E+00 1.928E+00 1.967E+00 2.007E+00 2.047E+00 2.088E+00 2.131E+00 2.174E+00 2.218E+00 2.262E+00 2.308E+00 2.355E+00 2.402E+00 2.451E+00 2.500E+00 2.551E+00 2.602E+00 2.655E+00
 9.936E-01 1.014E+00 1.034E+00 1.055E+00 1.076E+00 1.098E+00 1.120E+00 1.143E+00 1.166E+00 1.190E+00 1.214E+00 1.238E+00 1.263E+00 1.289E+00 1.315E+00 1.341E+00 1.368E+00 1.396E+00 1.424E+00 1.453E+00 1.482E+00 1.512E+00 1.543E+00 1.574E+00 1.606E+00 1.638E+00 1.671E+00 1.705E+00 1.740E+00 1.775E+00 1.810E+00 1.847E+00 1.884E+00 1.922E+00 1.961E+00 2.001E+00 2.041E+00 2.083E+00 2.125E+00 2.168E+00 2.211E+00 2.256E+00 2.302E+00 2.348E+00 2.396E+00 2.444E+00 2.493E+00 2.544E+00 2.595E+00 2.647E+00
 9.900E-01 1.010E+00 1.030E+00 1.051E+00 1.073E+00 1.094E+00 1.116E+00 1.139E+00 1.162E+00 1.185E+00 1.209E+00 1.234E+00 1.259E+00 1.284E+00 1.310E+00 1.336E+00 1.363E+00 1.391E+00 1.419E+00 1.448E+00 1.477E+00 1.507E+00 1.537E+00 1.568E+00 1.600E+00 1.632E+00 1.665E+00 1.699E+00 1.733E+00 1.768E+00 1.804E+00 1.840E+00 1.878E+00 1.916E+00 1.954E+00 1.994E+00 2.034E+00 2.075E+00 2.117E+00 2.160E+00 2.203E+00 2.248E+00 2.293E+00 2.340E+00 2.387E+00 2.435E+00 2.484E+00 2.535E+00 2.586E+00 2.638E+00
 9.857E-01 1.006E+00 1.026E+00 1.047E+00 1.068E+00 1.089E+00 1.111E+00 1.134E+00 1.157E+00 1.180E+00 1.204E+00 1.228E+00 1.253E+00 1.278E+00 1.304E+00 1.331E+00 1.357E+00 1.385E+00 1.413E+00 1.441E+00 1.470E+00 1.500E+00 1.531E+00 1.561E+00 1.593E+00 1.625E+00 1.658E+00 1.691E+00 1.726E+00 1.761E+00 1.796E+00 1.832E+00 1.869E+00 1.907E+00 1.946E+00 1.985E+00 2.025E+00 2.066E+00 2.108E+00 2.150E+00 2.194E+00 2.238E+00 2.283E+00 2.329E+00 2.376E+00 2.424E+00 2.473E+00 2.523E+00 2.574E+00 2.626E+00
 9.806E-01 1.000E+00 1.021E+00 1.041E+00 1.062E+00 1.084E+00 1.106E+00 1.128E+00 1.151E+00 1.174E+00 1.198E+00 1.222E+00 1.247E+00 1.272E+00 1.297E+00 1.324E+00 1.350E+00 1.378E+00 1.406E+00 1.434E+00 1.463E+00 1.492E+00 1.523E+00 1.553E+00 1.585E+00 1.617E+00 1.649E+00 1.683E+00 1.717E+00 1.751E+00 1.787E+00 1.823E+00 1.860E+00 1.897E+00 1.936E+00 1.975E+00 2.015E+00 2.055E+00 2.097E+00 2.139E+00 2.182E+00 2.226E+00 2.271E+00 2.317E+00 2.364E+00 2.412E+00 2.461E+00 2.510E+00 2.561E+00 2.613E+00
 9.747E-01 9.944E-01 1.015E+00 1.035E+00 1.056E+00 1.077E+00 1.099E+00 1.121E+00 1.144E+00 1.167E+00 1.191E+00 1.215E+00 1.239E+00 1.264E+00 1.290E+00 1.316E+00 1.342E+00 1.369E+00 1.397E+00 1.425E+00 1.454E+00 1.483E+00 1.513E+00 1.544E+00 1.575E+00 1.607E+00 1.640E+00 1.673E+00 1.706E+00 1.741E+00 1.776E+00 1.812E+00 1.849E+00 1.886E+00 1.924E+00 1.963E+00 2.003E+00 2.043E+00 2.084E+00 2.126E+00 2.169E+00 2.213E+00 2.258E+00 2.303E+00 2.350E+00 2.397E+00 2.446E+00 2.495E+00 2.546E+00 2.597E+00
 9.681E-01 9.877E-01 1.008E+00 1.028E+00 1.049E+00 1.070E+00 1.092E+00 1.114E+00 1.136E+00 1.159E+00 1.182E+00 1.206E+00 1.231E+00 1.256E+00 1.281E+00 1.307E+00 1.333E+00 1.360E+00 1.388E+00 1.416E+00 1.444E+00 1.473E+00 1.503E+00 1.534E+00 1.565E+00 1.596E+00 1.628E+00 1.661E+00 1.695E+00 1.729E+00 1.764E+00 1.800E+00 1.836E+00 1.873E+00 1.911E+00 1.950E+00 1.989E+00 2.029E+00 2.070E+00 2.112E+00 2.155E+00 2.198E+00 2.243E+00 2.288E+00 2.334E+00 2.381E+00 2.429E+00 2.478E+00 2.528E+00 2.580E+00
 9.608E-01 9.802E-01 1.000E+00 1.020E+00 1.041E+00 1.062E+00 1.083E+00 1.105E+00 1.127E+00 1.150E+00 1.174E+00 1.197E+00 1.221E+00 1.246E+00 1.271E+00 1.297E+00 1.323E+00 1.350E+00 1.377E+00 1.405E+00 1.433E+00 1.462E+00 1.492E+00 1.522E+00 1.553E+00 1.584E+00 1.616E+00 1.649E+00 1.682E+00 1.716E+00 1.751E+00 1.786E+00 1.822E+00 1.859E+00 1.896E+00 1.935E+00 1.974E+00 2.014E+00 2.054E+00 2.096E+00 2.138E+00 2.181E+00 2.226E+00 2.270E+00 2.316E+00 2.363E+00 2.411E+00 2.460E+00 2.509E+00 2.560E+00
 9.528E-01 9.720E-01 9.916E-01 1.012E+00 1.032E+00 1.053E+00 1.074E+00 1.096E+00 1.118E+00 1.141E+00 1.164E+00 1.187E+00 1.211E+00 1.236E+00 1.261E+00 1.286E+00 1.312E+00 1.339E+00 1.366E+00 1.393E+00 1.421E+00 1.450E+00 1.479E+00 1.509E+00 1.540E+00 1.571E+00 1.603E+00 1.635E+00 1.668E+00 1.702E+00 1.736E+00 1.771E+00 1.807E+00 1.843E+00 1.881E+00 1.919E+00 1.957E+00 1.997E+00 2.037E+00 2.078E+00 2.120E+00 2.163E+00 2.207E+00 2.252E+00 2.297E+00 2.343E+00 2.391E+00 2.439E+00 2.488E+00 2.539E+00
 9.440E-01 9.631E-01 9.826E-01 1.002E+00 1.023E+00 1.043E+00 1.064E+00 1.086E+00 1.108E+00 1.130E+00 1.153E+00 1.176E+00 1.200E+00 1.224E+00 1.249E+00 1.274E+00 1.300E+00 1.326E+00 1.353E+00 1.380E+00 1.408E+00 1.437E+00 1.466E+00 1.495E+00 1.526E+00 1.556E+00 1.588E+00 1.620E+00 1.653E+00 1.686E+00 1.720E+00 1.755E+00 1.790E+00 1.826E+00 1.863E+00 1.901E+00 1.939E+00 1.979E+00 2.019E+00 2.059E+00 2.101E+00 2.143E+00 2.187E+00 2.231E+00 2.276E+00 2.322E+00 2.369E+00 2.417E+00 2.466E+00 2.515E+00
 9.346E-01 9.535E-01 9.728E-01 9.924E-01 1.012E+00 1.033E+00 1.054E+00 1.075E+00 1.097E+00 1.119E+00 1.142E+00 1.165E+00 1.188E+00 1.212E+00 1.237E+00 1.262E+00 1.287E+00 1.313E+00 1.340E+00 1.367E+00 1.394E+00 1.422E+00 1.451E+00 1.481E+00 1.510E+00 1.541E+00 1.572E+00 1.604E+00 1.636E+00 1.669E+00 1.703E+00 1.737E+00 1.773E+00 1.808E+00 1.845E+00 1.882E+00 1.920E+00 1.959E+00 1.999E+00 2.039E+00 2.080E+00 2.122E+00 2.165E+00 2.209E+00 2.253E+00 2.299E+00 2.345E+00 2.393E+00 2.441E+00 2.490E+00
 9.246E-01 9.433E-01 9.623E-01 9.818E-01 1.002E+00 1.022E+00 1.042E+00 1.064E+00 1.085E+00 1.107E+00 1.129E+00 1.152E+00 1.175E+00 1.199E+00 1.223E+00 1.248E+00 1.273E+00 1.299E+00 1.325E+00 1.352E+00 1.379E+00 1.407E+00 1.436E+00 1.465E+00 1.494E+00 1.524E+00 1.555E+00 1.587E+00 1.619E+00 1.651E+00 1.685E+00 1.719E+00 1.753E+00 1.789E+00 1.825E+00 1.862E+00 1.900E+00 1.938E+00 1.977E+00 2.017E+00 2.058E+00 2.099E+00 2.142E+00 2.185E+00 2.229E+00 2.274E+00 2.320E+00 2.367E+00 2.415E+00 2.464E+00
 9.139E-01 9.324E-01 9.512E-01 9.704E-01 9.900E-01 1.010E+00 1.030E+00 1.051E+00 1.073E+00 1.094E+00 1.116E+00 1.139E+00 1.162E+00 1.185E+00 1.209E+00 1.234E+00 1.259E+00 1.284E+00 1.310E+00 1.336E+00 1.363E+00 1.391E+00 1.419E+00 1.448E+00 1.477E+00 1.507E+00 1.537E+00 1.568E+00 1.600E+00 1.632E+00 1.665E+00 1.699E+00 1.733E+00 1.768E+00 1.804E+00 1.840E+00 1.878E+00 1.916E+00 1.954E+00 1.994E+00 2.034E+00 2.075E+00 2.117E+00 2.160E+00 2.203E+00 2.248E+00 2.293E+00 2.340E+00 2.387E+00 2.435E+00
 9.027E-01 9.209E-01 9.395E-01 9.585E-01 9.778E-01 9.976E-01 1.018E+00 1.038E+00 1.059E+00 1.081E+00 1.103E+00 1.125E+00 1.148E+00 1.171E+00 1.194E+00 1.218E+00 1.243E+00 1.268E+00 1.294E+00 1.320E+00 1.347E+00 1.374E+00 1.402E+00 1.430E+00 1.459E+00 1.488E+00 1.518E+00 1.549E+00 1.580E+00 1.612E+00 1.645E+00 1.678E+00 1.712E+00 1.746E+00 1.782E+00 1.818E+00 1.854E+00 1.892E+00 1.930E+00 1.969E+00 2.009E+00 2.050E+00 2.091E+00 2.133E+00 2.176E+00 2.220E+00 2.265E+00 2.311E+00 2.357E+00 2.405E+00
 8.908E-01 9.088E-01 9.272E-01 9.459E-01 9.650E-01 9.845E-01 1.004E+00 1.025E+00 1.045E+00 1.067E+00 1.088E+00 1.110E+00 1.132E+00 1.155E+00 1.179E+00 1.202E+00 1.227E+00 1.252E+00 1.277E+00 1.303E+00 1.329E+00 1.356E+00 1.383E+00 1.411E+00 1.440E+00 1.469E+00 1.498E+00 1.529E+00 1.560E+00 1.591E+00 1.623E+00 1.656E+00 1.689E+00 1.724E+00 1.758E+00 1.794E+00 1.830E+00 1.867E+00 1.905E+00 1.943E+00 1.983E+00 2.023E+00 2.063E+00 2.105E+00 2.148E+00 2.191E+00 2.235E+00 2.281E+00 2.327E+00 2.374E+00
 8.784E-01 8.962E-01 9.143E-01 9.328E-01 9.516E-01 9.708E-01 9.904E-01 1.010E+00 1.031E+00 1.052E+00 1.073E+00 1.095E+00 1.117E+00 1.139E+00 1.162E+00 1.186E+00 1.210E+00 1.234E+00 1.259E+00 1.285E+00 1.310E+00 1.337E+00 1.364E+00 1.392E+00 1.420E+00 1.448E+00 1.478E+00 1.507E+00 1.538E+00 1.569E+00 1.601E+00 1.633E+00 1.666E+00 1.700E+00 1.734E+00 1.769E+00 1.805E+00 1.841E+00 1.878E+00 1.916E+00 1.955E+00 1.995E+00 2.035E+00 2.076E+00 2.118E+00 2.161E+00 2.204E+00 2.249E+00 2.294E+00 2.341E+00
 8.655E-01 8.830E-01 9.009E-01 9.191E-01 9.376E-01 9.566E-01 9.759E-01 9.956E-01 1.016E+00 1.036E+00 1.057E+00 1.079E+00 1.100E+00 1.123E+00 1.145E+00 1.168E+00 1.192E+00 1.216E+00 1.241E+00 1.266E+00 1.291E+00 1.317E+00 1.344E+00 1.371E+00 1.399E+00 1.427E+00 1.456E+00 1.485E+00 1.515E+00 1.546E+00 1.577E+00 1.609E+00 1.641E+00 1.675E+00 1.708E+00 1.743E+00 1.778E+00 1.814E+00 1.851E+00 1.888E+00 1.926E+00 1.965E+00 2.005E+00 2.045E+00 2.087E+00 2.129E+00 2.172E+00 2.216E+00 2.261E+00 2.306E+00
 8.521E-01 8.694E-01 8.869E-01 9.048E-01 9.231E-01 9.418E-01 9.608E-01 9.802E-01 1.000E+00 1.020E+00 1.041E+00 1.062E+00 1.083E+00 1.105E+00 1.127E+00 1.150E+00 1.174E+00 1.197E+00 1.221E+00 1.246E+00 1.271E+00 1.297E+00 1.323E+00 1.350E+00 1.377E+00 1.405E+00 1.433E+00 1.462E+00 1.492E+00 1.522E+00 1.553E+00 1.584E+00 1.616E+00 1.649E+00 1.682E+00 1.716E+00 1.751E+00 1.786E+00 1.822E+00 1.859E+00 1.896E+00 1.935E+00 1.974E+00 2.014E+00 2.054E+00 2.096E+00 2.138E+00 2.181E+00 2.226E+00 2.270E+00
 8.383E-01 8.552E-01 8.725E-01 8.901E-01 9.081E-01 9.264E-01 9.452E-01 9.643E-01 9.837E-01 1.004E+00 1.024E+00 1.045E+00 1.066E+00 1.087E+00 1.109E+00 1.132E+00 1.154E+00 1.178E+00 1.202E+00 1.226E+00 1.251E+00 1.276E+00 1.302E+00 1.328E+00 1.355E+00 1.382E+00 1.410E+00 1.438E+00 1.468E+00 1.497E+00 1.527E+00 1.558E+00 1.590E+00 1.622E+00 1.655E+00 1.688E+00 1.722E+00 1.757E+00 1.792E+00 1.829E+00 1.866E+00 1.903E+00 1.942E+00 1.981E+00 2.021E+00 2.062E+00 2.103E+00 2.146E+00 2.189E+00 2.234E+00
 8.240E-01 8.406E-01 8.576E-01 8.749E-01 8.926E-01 9.106E-01 9.290E-01 9.478E-01 9.670E-01 9.865E-01 1.006E+00 1.027E+00 1.047E+00 1.069E+00 1.090E+00 1.112E+00 1.135E+00 1.158E+00 1.181E+00 1.205E+00 1.229E+00 1.254E+00 1.279E+00 1.305E+00 1.332E+00 1.359E+00 1.386E+00 1.414E+00 1.443E+00 1.472E+00 1.501E+00 1.532E+00 1.563E+00 1.594E+00 1.626E+00 1.659E+00 1.693E+00 1.727E+00 1.762E+00 1.798E+00 1.834E+00 1.871E+00 1.909E+00 1.947E+00 1.987E+00 2.027E+00 2.068E+00 2.109E+00 2.152E+00 2.195E+00
 8.093E-01 8.256E-01 8.423E-01 8.593E-01 8.767E-01 8.944E-01 9.125E-01 9.309E-01 9.497E-01 9.689E-01 9.885E-01 1.008E+00 1.029E+00 1.050E+00 1.071E+00 1.092E+00 1.114E+00 1.137E+00 1.160E+00 1.183E+00 1.207E+00 1.232E+00 1.257E+00 1.282E+00 1.308E+00 1.334E+00 1.361E+00 1.389E+00 1.417E+00 1.445E+00 1.475E+00 1.504E+00 1.535E+00 1.566E+00 1.597E+00 1.630E+00 1.663E+00 1.696E+00 1.730E+00 1.765E+00 1.801E+00 1.837E+00 1.875E+00 1.912E+00 1.951E+00 1.991E+00 2.031E+00 2.072E+00 2.114E+00 2.156E+00
 7.942E-01 8.103E-01 8.266E-01 8.433E-01 8.604E-01 8.777E-01 8.955E-01 9.136E-01 9.320E-01 9.508E-01 9.701E-01 9.897E-01 1.010E+00 1.030E+00 1.051E+00 1.072E+00 1.094E+00 1.116E+00 1.138E+00 1.161E+00 1.185E+00 1.209E+00 1.233E+00 1.258E+00 1.284E+00 1.309E+00 1.336E+00 1.363E+00 1.390E+00 1.419E+00 1.447E+00 1.476E+00 1.506E+00 1.537E+00 1.568E+00 1.599E+00 1.632E+00 1.665E+00 1.698E+00 1.733E+00 1.768E+00 1.803E+00 1.840E+00 1.877E+00 1.915E+00 1.953E+00 1.993E+00 2.033E+00 2.074E+00 2.116E+00
 7.788E-01 7.945E-01 8.106E-01 8.270E-01 8.437E-01 8.607E-01 8.781E-01 8.958E-01 9.139E-01 9.324E-01 9.512E-01 9.704E-01 9.900E-01 1.010E+00 1.030E+00 1.051E+00 1.073E+00 1.094E+00 1.116E+00 1.139E+00 1.162E+00 1.185E+00 1.209E+00 1.234E+00 1.259E+00 1.284E+00 1.310E+00 1.336E+00 1.363E+00 1.391E+00 1.419E+00 1.448E+00 1.477E+00 1.507E+00 1.537E+00 1.568E+00 1.600E+00 1.632E+00 1.665E+00 1.699E+00 1.733E+00 1.768E+00 1.804E+00 1.840E+00 1.878E+00 1.916E+00 1.954E+00 1.994E+00 2.034E+00 2.075E+00
 7.631E-01 7.785E-01 7.942E-01 8.103E-01 8.266E-01 8.433E-01 8.604E-01 8.777E-01 8.955E-01 9.136E-01 9.320E-01 9.508E-01 9.701E-01 9.897E-01 1.010E+00 1.030E+00 1.051E+00 1.072E+00 1.094E+00 1.116E+00 1.138E+00 1.161E+00 1.185E+00 1.209E+00 1.233E+00 1.258E+00 1.284E+00 1.309E+00 1.336E+00 1.363E+00 1.390E+00 1.419E+00 1.447E+00 1.476E+00 1.506E+00 1.537E+00 1.568E+00 1.599E+00 1.632E+00 1.665E+00 1.698E+00 1.733E+00 1.768E+00 1.803E+00 1.840E+00 1.877E+00 1.915E+00 1.953E+00 1.993E+00 2.033E+00
 7.471E-01 7.622E-01 7.776E-01 7.933E-01 8.093E-01 8.256E-01 8.423E-01 8.593E-01 8.767E-01 8.944E-01 9.125E-01 9.309E-01 9.497E-01 9.689E-01 9.885E-01 1.008E+00 1.029E+00 1.050E+00 1.071E+00 1.092E+00 1.114E+00 1.137E+00 1.160E+00 1.183E+00 1.207E+00 1.232E+00 1.257E+00 1.282E+00 1.308E+00 1.334E+00 1.361E+00 1.389E+00 1.417E+00 1.445E+00 1.475E+00 1.504E+00 1.535E+00 1.566E+00 1.597E+00 1.630E+00 1.663E+00 1.696E+00 1.730E+00 1.765E+00 1.801E+00 1.837E+00 1.875E+00 1.912E+00 1.951E+00 1.991E+00
 7.308E-01 7.456E-01 7.606E-01 7.760E-01 7.917E-01 8.077E-01 8.240E-01 8.406E-01 8.576E-01 8.749E-01 8.926E-01 9.106E-01 9.290E-01 9.478E-01 9.670E-01 9.865E-01 1.006E+00 1.027E+00 1.047E+00 1.069E+00 1.090E+00 1.112E+00 1.135E+00 1.158E+00 1.181E+00 1.205E+00 1.229E+00 1.254E+00 1.279E+00 1.305E+00 1.332E+00 1.359E+00 1.386E+00 1.414E+00 1.443E+00 1.472E+00 1.501E+00 1.532E+00 1.563E+00 1.594E+00 1.626E+00 1.659E+00 1.693E+00 1.727E+00 1.762E+00 1.798E+00 1.834E+00 1.871E+00 1.909E+00 1.947E+00
 7.143E-01 7.288E-01 7.435E-01 7.585E-01 7.738E-01 7.895E-01 8.054E-01 8.217E-01 8.383E-01 8.552E-01 8.725E-01 8.901E-01 9.081E-01 9.264E-01 9.452E-01 9.643E-01 9.837E-01 1.004E+00 1.024E+00 1.045E+00 1.066E+00 1.087E+00 1.109E+00 1.132E+00 1.154E+00 1.178E+00 1.202E+00 1.226E+00 1.251E+00 1.276E+00 1.302E+00 1.328E+00 1.355E+00 1.382E+00 1.410E+00 1.438E+00 1.468E+00 1.497E+00 1.527E+00 1.558E+00 1.590E+00 1.622E+00 1.655E+00 1.688E+00 1.722E+00 1.757E+00 1.792E+00 1.829E+00 1.866E+00 1.903E+00
 6.977E-01 7.118E-01 7.261E-01 7.408E-01 7.558E-01 7.711E-01 7.866E-01 8.025E-01 8.187E-01 8.353E-01 8.521E-01 8.694E-01 8.869E-01 9.048E-01 9.231E-01 9.418E-01 9.608E-01 9.802E-01 1.000E+00 1.020E+00 1.041E+00 1.062E+00 1.083E+00 1.105E+00 1.127E+00 1.150E+00 1.174E+00 1.197E+00 1.221E+00 1.246E+00 1.271E+00 1.297E+00 1.323E+00 1.350E+00 1.377E+00 1.405E+00 1.433E+00 1.462E+00 1.492E+00 1.522E+00 1.553E+00 1.584E+00 1.616E+00 1.649E+00 1.682E+00 1.716E+00 1.751E+00 1.786E+00 1.822E+00 1.859E+00
 6.809E-01 6.946E-01 7.086E-01 7.230E-01 7.376E-01 7.525E-01 7.677E-01 7.832E-01 7.990E-01 8.151E-01 8.316E-01 8.484E-01 8.655E-01 8.830E-01 9.009E-01 9.191E-01 9.376E-01 9.566E-01 9.759E-01 9.956E-01 1.016E+00 1.036E+00 1.057E+00 1.079E+00 1.100E+00 1.123E+00 1.145E+00 1.168E+00 1.192E+00 1.216E+00 1.241E+00 1.266E+00 1.291E+00 1.317E+00 1.344E+00 1.371E+00 1.399E+00 1.427E+00 1.456E+00 1.485E+00 1.515E+00 1.546E+00 1.577E+00 1.609E+00 1.641E+00 1.675E+00 1.708E+00 1.743E+00 1.778E+00 1.814E+00
 6.639E-01 6.773E-01 6.910E-01 7.050E-01 7.192E-01 7.337E-01 7.486E-01 7.637E-01 7.791E-01 7.949E-01 8.109E-01 8.273E-01 8.440E-01 8.611E-01 8.784E-01 8.962E-01 9.143E-01 9.328E-01 9.516E-01 9.708E-01 9.904E-01 1.010E+00 1.031E+00 1.052E+00 1.073E+00 1.095E+00 1.117E+00 1.139E+00 1.162E+00 1.186E+00 1.210E+00 1.234E+00 1.259E+00 1.285E+00 1.310E+00 1.337E+00 1.364E+00 1.392E+00 1.420E+00 1.448E+00 1.478E+00 1.507E+00 1.538E+00 1.569E+00 1.601E+00 1.633E+00 1.666E+00 1.700E+00 1.734E+00 1.769E+00
 6.469E-01 6.599E-01 6.733E-01 6.869E-01 7.008E-01 7.149E-01 7.294E-01 7.441E-01 7.591E-01 7.745E-01 7.901E-01 8.061E-01 8.223E-01 8.390E-01 8.559E-01 8.732E-01 8.908E-01 9.088E-01 9.272E-01 9.459E-01 9.650E-01 9.845E-01 1.004E+00 1.025E+00 1.045E+00 1.067E+00 1.088E+00 1.110E+00 1.132E+00 1.155E+00 1.179E+00 1.202E+00 1.227E+00 1.252E+00 1.277E+00 1.303E+00 1.329E+00 1.356E+00 1.383E+00 1.411E+00 1.440E+00 1.469E+00 1.498E+00 1.529E+00 1.560E+00 1.591E+00 1.623E+00 1.656E+00 1.689E+00 1.724E+00
 6.298E-01 6.425E-01 6.555E-01 6.687E-01 6.822E-01 6.960E-01 7.101E-01 7.244E-01 7.390E-01 7.540E-01 7.692E-01 7.847E-01 8.006E-01 8.168E-01 8.333E-01 8.501E-01 8.673E-01 8.848E-01 9.027E-01 9.209E-01 9.395E-01 9.585E-01 9.778E-01 9.976E-01 1.018E+00 1.038E+00 1.059E+00 1.081E+00 1.103E+00 1.125E+00 1.148E+00 1.171E+00 1.194E+00 1.218E+00 1.243E+00 1.268E+00 1.294E+00 1.320E+00 1.347E+00 1.374E+00 1.402E+00 1.430E+00 1.459E+00 1.488E+00 1.518E+00 1.549E+00 1.580E+00 1.612E+00 1.645E+00 1.678E+00
 6.126E-01 6.250E-01 6.376E-01 6.505E-01 6.637E-01 6.771E-01 6.907E-01 7.047E-01 7.189E-01 7.334E-01 7.483E-01 7.634E-01 7.788E-01 7.945E-01 8.106E-01 8.270E-01 8.437E-01 8.607E-01 8.781E-01 8.958E-01 9.139E-01 9.324E-01 9.512E-01 9.704E-01 9.900E-01 1.010E+00 1.030E+00 1.051E+00 1.073E+00 1.094E+00 1.116E+00 1.139E+00 1.162E+00 1.185E+00 1.209E+00 1.234E+00 1.259E+00 1.284E+00 1.310E+00 1.336E+00 1.363E+00 1.391E+00 1.419E+00 1.448E+00 1.477E+00 1.507E+00 1.537E+00 1.568E+00 1.600E+00 1.632E+00
 5.955E-01 6.075E-01 6.198E-01 6.323E-01 6.451E-01 6.581E-01 6.714E-01 6.850E-01 6.988E-01 7.129E-01 7.273E-01 7.420E-01 7.570E-01 7.723E-01 7.879E-01 8.038E-01 8.200E-01 8.366E-01 8.535E-01 8.708E-01 8.883E-01 9.063E-01 9.246E-01 9.433E-01 9.623E-01 9.818E-01 1.002E+00 1.022E+00 1.042E+00 1.064E+00 1.085E+00 1.107E+00 1.129E+00 1.152E+00 1.175E+00 1.199E+00 1.223E+00 1.248E+00 1.273E+00 1.299E+00 1.325E+00 1.352E+00 1.379E+00 1.407E+00 1.436E+00 1.465E+00 1.494E+00 1.524E+00 1.555E+00 1.587E+00
 5.783E-01 5.900E-01 6.019E-01 6.141E-01 6.265E-01 6.392E-01 6.521E-01 6.652E-01 6.787E-01 6.924E-01 7.064E-01 7.207E-01 7.352E-01 7.501E-01 7.652E-01 7.807E-01 7.964E-01 8.125E-01 8.289E-01 8.457E-01 8.628E-01 8.802E-01 8.980E-01 9.161E-01 9.346E-01 9.535E-01 9.728E-01 9.924E-01 1.012E+00 1.033E+00 1.054E+00 1.075E+00 1.097E+00 1.119E+00 1.142E+00 1.165E+00 1.188E+00 1.212E+00 1.237E+00 1.262E+00 1.287E+00 1.313E+00 1.340E+00 1.367E+00 1.394E+00 1.422E+00 1.451E+00 1.481E+00 1.510E+00 1.541E+00
 5.612E-01 5.726E-01 5.841E-01 5.959E-01 6.080E-01 6.203E-01 6.328E-01 6.456E-01 6.586E-01 6.719E-01 6.855E-01 6.994E-01 7.135E-01 7.279E-01 7.426E-01 7.576E-01 7.729E-01 7.885E-01 8.044E-01 8.207E-01 8.373E-01 8.542E-01 8.714E-01 8.891E-01 9.070E-01 9.253E-01 9.440E-01 9.631E-01 9.826E-01 1.002E+00 1.023E+00 1.043E+00 1.064E+00 1.086E+00 1.108E+00 1.130E+00 1.153E+00 1.176E+00 1.200E+00 1.224E+00 1.249E+00 1.274E+00 1.300E+00 1.326E+00 1.353E+00 1.380E+00 1.408E+00 1.437E+00 1.466E+00 1.495E+00
 5.442E-01 5.552E-01 5.664E-01 5.779E-01 5.895E-01 6.015E-01 6.136E-01 6.260E-01 6.386E-01 6.516E-01 6.647E-01 6.781E-01 6.918E-01 7.058E-01 7.201E-01 7.346E-01 7.495E-01 7.646E-01 7.800E-01 7.958E-01 8.119E-01 8.283E-01 8.450E-01 8.621E-01 8.795E-01 8.973E-01 9.154E-01 9.339E-01 9.528E-01 9.720E-01 9.916E-01 1.012E+00 1.032E+00 1.053E+00 1.074E+00 1.096E+00 1.118E+00 1.141E+00 1.164E+00 1.187E+00 1.211E+00 1.236E+00 1.261E+00 1.286E+00 1.312E+00 1.339E+00 1.366E+00 1.393E+00 1.421E+00 1.450E+00
 5.273E-01 5.379E-01 5.488E-01 5.599E-01 5.712E-01 5.827E-01 5.945E-01 6.065E-01 6.188E-01 6.313E-01 6.440E-01 6.570E-01 6.703E-01 6.839E-01 6.977E-01 7.118E-01 7.261E-01 7.408E-01 7.558E-01 7.711E-01 7.866E-01 8.025E-01 8.187E-01 8.353E-01 8.521E-01 8.694E-01 8.869E-01 9.048E-01 9.231E-01 9.418E-01 9.608E-01 9.802E-01 1.000E+00 1.020E+00 1.041E+00 1.062E+00 1.083E+00 1.105E+00 1.127E+00 1.150E+00 1.174E+00 1.197E+00 1.221E+00 1.246E+00 1.271E+00 1.297E+00 1.323E+00 1.350E+00 1.377E+00 1.405E+00
 5.105E-01 5.208E-01 5.313E-01 5.420E-01 5.530E-01 5.642E-01 5.756E-01 5.872E-01 5.991E-01 6.112E-01 6.235E-01 6.361E-01 6.489E-01 6.621E-01 6.754E-01 6.891E-01 7.030E-01 7.172E-01 7.317E-01 7.465E-01 7.615E-01 7.769E-01 7.926E-01 8.086E-01 8.250E-01 8.416E-01 8.586E-01 8.760E-01 8.937E-01 9.117E-01 9.302E-01 9.489E-01 9.681E-01 9.877E-01 1.008E+00 1.028E+00 1.049E+00 1.070E+00 1.092E+00 1.114E+00 1.136E+00 1.159E+00 1.182E+00 1.206E+00 1.231E+00 1.256E+00 1.281E+00 1.307E+00 1.333E+00 1.360E+00
 4.938E-01 5.038E-01 5.140E-01 5.243E-01 5.349E-01 5.457E-01 5.568E-01 5.680E-01 5.795E-01 5.912E-01 6.031E-01 6.153E-01 6.278E-01 6.404E-01 6.534E-01 6.666E-01 6.800E-01 6.938E-01 7.078E-01 7.221E-01 7.367E-01 7.516E-01 7.667E-01 7.822E-01 7.980E-01 8.142E-01 8.306E-01 8.474E-01 8.645E-01 8.820E-01 8.998E-01 9.180E-01 9.365E-01 9.554E-01 9.747E-01 9.944E-01 1.015E+00 1.035E+00 1.056E+00 1.077E+00 1.099E+00 1.121E+00 1.144E+00 1.167E+00 1.191E+00 1.215E+00 1.239E+00 1.264E+00 1.290E+00 1.316E+00
 4.773E-01 4.869E-01 4.968E-01 5.068E-01 5.171E-01 5.275E-01 5.382E-01 5.490E-01 5.601E-01 5.714E-01 5.830E-01 5.948E-01 6.068E-01 6.190E-01 6.315E-01 6.443E-01 6.573E-01 6.706E-01 6.841E-01 6.980E-01 7.121E-01 7.264E-01 7.411E-01 7.561E-01 7.714E-01 7.869E-01 8.028E-01 8.191E-01 8.356E-01 8.525E-01 8.697E-01 8.873E-01 9.052E-01 9.235E-01 9.421E-01 9.612E-01 9.806E-01 1.000E+00 1.021E+00 1.041E+00 1.062E+00 1.084E+00 1.106E+00 1.128E+00 1.151E+00 1.174E+00 1.198E+00 1.222E+00 1.247E+00 1.272E+00
 4.610E-01 4.703E-01 4.798E-01 4.895E-01 4.994E-01 5.095E-01 5.198E-01 5.303E-01 5.410E-01 5.519E-01 5.630E-01 5.744E-01 5.860E-01 5.979E-01 6.099E-01 6.223E-01 6.348E-01 6.477E-01 6.607E-01 6.741E-01 6.877E-01 7.016E-01 7.158E-01 7.302E-01 7.450E-01 7.600E-01 7.754E-01 7.910E-01 8.070E-01 8.233E-01 8.400E-01 8.569E-01 8.742E-01 8.919E-01 9.099E-01 9.283E-01 9.471E-01 9.662E-01 9.857E-01 1.006E+00 1.026E+00 1.047E+00 1.068E+00 1.089E+00 1.111E+00 1.134E+00 1.157E+00 1.180E+00 1.204E+00 1.228E+00
 4.449E-01 4.538E-01 4.630E-01 4.724E-01 4.819E-01 4.916E-01 5.016E-01 5.117E-01 5.220E-01 5.326E-01 5.434E-01 5.543E-01 5.655E-01 5.769E-01 5.886E-01 6.005E-01 6.126E-01 6.250E-01 6.376E-01 6.505E-01 6.637E-01 6.771E-01 6.907E-01 7.047E-01 7.189E-01 7.334E-01 7.483E-01 7.634E-01 7.788E-01 7.945E-01 8.106E-01 8.270E-01 8.437E-01 8.607E-01 8.781E-01 8.958E-01 9.139E-01 9.324E-01 9.512E-01 9.704E-01 9.900E-01 1.010E+00 1.030E+00 1.051E+00 1.073E+00 1.094E+00 1.116E+00 1.139E+00 1.162E+00 1.185E+00
 4.290E-01 4.376E-01 4.465E-01 4.555E-01 4.647E-01 4.741E-01 4.836E-01 4.934E-01 5.034E-01 5.136E-01 5.239E-01 5.345E-01 5.453E-01 5.563E-01 5.676E-01 5.790E-01 5.907E-01 6.027E-01 6.148E-01 6.273E-01 6.399E-01 6.529E-01 6.660E-01 6.795E-01 6.932E-01 7.072E-01 7.215E-01 7.361E-01 7.510E-01 7.661E-01 7.816E-01 7.974E-01 8.135E-01 8.299E-01 8.467E-01 8.638E-01 8.813E-01 8.991E-01 9.172E-01 9.358E-01 9.547E-01 9.739E-01 9.936E-01 1.014E+00 1.034E+00 1.055E+00 1.076E+00 1.098E+00 1.120E+00 1.143E+00
 4.133E-01 4.216E-01 4.302E-01 4.388E-01 4.477E-01 4.568E-01 4.660E-01 4.754E-01 4.850E-01 4.948E-01 5.048E-01 5.150E-01 5.254E-01 5.360E-01 5.468E-01 5.579E-01 5.692E-01 5.807E-01 5.924E-01 6.044E-01 6.166E-01 6.290E-01 6.417E-01 6.547E-01 6.679E-01 6.814E-01 6.952E-01 7.092E-01 7.235E-01 7.382E-01 7.531E-01 7.683E-01 7.838E-01 7.996E-01 8.158E-01 8.323E-01 8.491E-01 8.662E-01 8.837E-01 9.016E-01 9.198E-01 9.384E-01 9.573E-01 9.767E-01 9.964E-01 1.017E+00 1.037E+00 1.058E+00 1.079E+00 1.101E+00
 3.979E-01 4.059E-01 4.141E-01 4.225E-01 4.310E-01 4.397E-01 4.486E-01 4.577E-01 4.669E-01 4.764E-01 4.860E-01 4.958E-01 5.058E-01 5.160E-01 5.264E-01 5.371E-01 5.479E-01 5.590E-01 5.703E-01 5.818E-01 5.936E-01 6.056E-01 6.178E-01 6.303E-01 6.430E-01 6.560E-01 6.692E-01 6.828E-01 6.966E-01 7.106E-01 7.250E-01 7.396E-01 7.546E-01 7.698E-01 7.854E-01 8.012E-01 8.174E-01 8.339E-01 8.508E-01 8.680E-01 8.855E-01 9.034E-01 9.216E-01 9.403E-01 9.593E-01 9.786E-01 9.984E-01 1.019E+00 1.039E+00 1.060E+00
 3.827E-01 3.905E-01 3.984E-01 4.064E-01 4.146E-01 4.230E-01 4.315E-01 4.403E-01 4.491E-01 4.582E-01 4.675E-01 4.769E-01 4.866E-01 4.964E-01 5.064E-01 5.166E-01 5.271E-01 5.377E-01 5.486E-01 5.597E-01 5.710E-01 5.825E-01 5.943E-01 6.063E-01 6.185E-01 6.310E-01 6.438E-01 6.568E-01 6.701E-01 6.836E-01 6.974E-01 7.115E-01 7.259E-01 7.405E-01 7.555E-01 7.707E-01 7.863E-01 8.022E-01 8.184E-01 8.349E-01 8.518E-01 8.690E-01 8.866E-01 9.045E-01 9.227E-01 9.414E-01 9.604E-01 9.798E-01 9.996E-01 1.020E+00
