  0.1396E+000  0.1452E+008  0.6407E+006 -0.2942E+009 -0.1645E+008  0.5201E+010  0.0000E+000  0.0000E+000  0.0000E+000  0.0000E+000  0.0000E+000  0.0000E+000  0.0000E+000  0.0000E+000  0.0000E+000  0.0000E+000  0.0000E+000  0.0000E+000  0.0000E+000  0.0000E+000
  0.1396E+000  0.1440E+005 -0.1087E+008 -0.7188E+006  0.2366E+009  0.0000E+000  0.0000E+000  0.0000E+000  0.0000E+000  0.0000E+000  0.0000E+000  0.0000E+000  0.0000E+000  0.0000E+000  0.0000E+000  0.0000E+000  0.0000E+000  0.0000E+000  0.0000E+000  0.0000E+000
  0.1396E+000 -0.2949E+006 -0.1995E+005  0.8217E+007  0.0000E+000  0.0000E+000  0.0000E+000  0.0000E+000  0.0000E+000  0.0000E+000  0.0000E+000  0.0000E+000  0.0000E+000  0.0000E+000  0.0000E+000  0.0000E+000  0.0000E+000  0.0000E+000  0.0000E+000  0.0000E+000
  0.1396E+000 -0.1377E+004  0.3515E+006  0.1367E+004  0.5371E+004  0.0000E+000  0.0000E+000  0.0000E+000  0.0000E+000  0.0000E+000  0.0000E+000  0.0000E+000  0.0000E+000  0.0000E+000  0.0000E+000  0.0000E+000  0.0000E+000  0.0000E+000  0.0000E+000  0.0000E+000
  0.1396E+000 -0.1377E+004  0.3376E+002  0.1367E+004  0.0000E+000  0.0000E+000  0.0000E+000  0.0000E+000  0.0000E+000  0.0000E+000  0.0000E+000  0.0000E+000  0.0000E+000  0.0000E+000  0.0000E+000  0.0000E+000  0.0000E+000  0.0000E+000  0.0000E+000  0.0000E+000
  0.1396E+000 -0.1377E+004 -0.1077E+005  0.1367E+004  0.5371E+004  0.0000E+000  0.0000E+000  0.0000E+000  0.0000E+000  0.0000E+000  0.0000E+000  0.0000E+000  0.0000E+000  0.0000E+000  0.0000E+000  0.0000E+000  0.0000E+000  0.0000E+000  0.0000E+000  0.0000E+000
  0.1396E+000 -0.1377E+004  0.3376E+002  0.1367E+004  0.0000E+000  0.0000E+000  0.0000E+000  0.0000E+000  0.0000E+000  0.0000E+000  0.0000E+000  0.0000E+000  0.0000E+000  0.0000E+000  0.0000E+000  0.0000E+000  0.0000E+000  0.0000E+000  0.0000E+000  0.0000E+000
  0.1396E+000 -0.1377E+004 -0.1077E+005  0.1367E+004  0.5371E+004  0.0000E+000  0.0000E+000  0.0000E+000  0.0000E+000  0.0000E+000  0.0000E+000  0.0000E+000  0.0000E+000  0.0000E+000  0.0000E+000  0.0000E+000  0.0000E+000  0.0000E+000  0.0000E+000  0.0000E+000
  0.1396E+000 -0.1377E+004  0.3376E+002  0.1367E+004  0.0000E+000  0.0000E+000  0.0000E+000  0.0000E+000  0.0000E+000  0.0000E+000  0.0000E+000  0.0000E+000  0.0000E+000  0.0000E+000  0.0000E+000  0.0000E+000  0.0000E+000  0.0000E+000  0.0000E+000  0.0000E+000
  0.1396E+000 -0.1377E+004 -0.1077E+005  0.1367E+004  0.5371E+004  0.0000E+000  0.0000E+000  0.0000E+000  0.0000E+000  0.0000E+000  0.0000E+000  0.0000E+000  0.0000E+000  0.0000E+000  0.0000E+000  0.0000E+000  0.0000E+000  0.0000E+000  0.0000E+000  0.0000E+000
  0.1396E+000 -0.1377E+004  0.3376E+002  0.1367E+004  0.0000E+000  0.0000E+000  0.0000E+000  0.0000E+000  0.0000E+000  0.0000E+000  0.0000E+000  0.0000E+000  0.0000E+000  0.0000E+000  0.0000E+000  0.0000E+000  0.0000E+000  0.0000E+000  0.0000E+000  0.0000E+000
  0.1396E+000 -0.1377E+004 -0.1077E+005  0.1367E+004  0.5371E+004  0.0000E+000  0.0000E+000  0.0000E+000  0.0000E+000  0.0000E+000  0.0000E+000  0.0000E+000  0.0000E+000  0.0000E+000  0.0000E+000  0.0000E+000  0.0000E+000  0.0000E+000  0.0000E+000  0.0000E+000
  0.1396E+000 -0.1377E+004  0.3376E+002  0.1367E+004  0.0000E+000  0.0000E+000  0.0000E+000  0.0000E+000  0.0000E+000  0.0000E+000  0.0000E+000  0.0000E+000  0.0000E+000  0.0000E+000  0.0000E+000  0.0000E+000  0.0000E+000  0.0000E+000  0.0000E+000  0.0000E+000
  0.1396E+000 -0.1377E+004 -0.1077E+005  0.1367E+004  0.5371E+004  0.0000E+000  0.0000E+000  0.0000E+000  0.0000E+000  0.0000E+000  0.0000E+000  0.0000E+000  0.0000E+000  0.0000E+000  0.0000E+000  0.0000E+000  0.0000E+000  0.0000E+000  0.0000E+000  0.0000E+000
  0.1396E+000 -0.1377E+004  0.3376E+002  0.1367E+004  0.0000E+000  0.0000E+000  0.0000E+000  0.0000E+000  0.0000E+000  0.0000E+000  0.0000E+000  0.0000E+000  0.0000E+000  0.0000E+000  0.0000E+000  0.0000E+000  0.0000E+000  0.0000E+000  0.0000E+000  0.0000E+000
  0.1396E+000 -0.1377E+004  0.3515E+006  0.1367E+004  0.5371E+004  0.0000E+000  0.0000E+000  0.0000E+000  0.0000E+000  0.0000E+000  0.0000E+000  0.0000E+000  0.0000E+000  0.0000E+000  0.0000E+000  0.0000E+000  0.0000E+000  0.0000E+000  0.0000E+000  0.0000E+000
  0.1396E+000  0.2922E+006  0.2002E+005 -0.8214E+007  0.0000E+000  0.0000E+000  0.0000E+000  0.0000E+000  0.0000E+000  0.0000E+000  0.0000E+000  0.0000E+000  0.0000E+000  0.0000E+000  0.0000E+000  0.0000E+000  0.0000E+000  0.0000E+000  0.0000E+000  0.0000E+000
  0.1396E+000  0.1440E+005 -0.1087E+008 -0.7188E+006  0.2366E+009  0.0000E+000  0.0000E+000  0.0000E+000  0.0000E+000  0.0000E+000  0.0000E+000  0.0000E+000  0.0000E+000  0.0000E+000  0.0000E+000  0.0000E+000  0.0000E+000  0.0000E+000  0.0000E+000  0.0000E+000
  0.1396E+000 -0.1452E+008 -0.6407E+006  0.2942E+009  0.1645E+008 -0.5201E+010  0.0000E+000  0.0000E+000  0.0000E+000  0.0000E+000  0.0000E+000  0.0000E+000  0.0000E+000  0.0000E+000  0.0000E+000  0.0000E+000  0.0000E+000  0.0000E+000  0.0000E+000  0.0000E+000
  0.1396E+000 -0.3293E+005  0.2098E+008  0.1442E+007 -0.4733E+009  0.0000E+000  0.0000E+000  0.0000E+000  0.0000E+000  0.0000E+000  0.0000E+000  0.0000E+000  0.0000E+000  0.0000E+000  0.0000E+000  0.0000E+000  0.0000E+000  0.0000E+000  0.0000E+000  0.0000E+000
