   0.1571E+00   0.2212E+01
   0.3142E+00   0.5470E+00
   0.4712E+00   0.2035E+00
   0.6283E+00   0.9067E-01
   0.7854E+00   0.4983E-01
   0.9425E+00   0.2966E-01
   0.1100E+01   0.1897E-01
   0.1257E+01   0.1304E-01
   0.1414E+01   0.9468E-02
   0.1571E+01   0.7241E-02
   0.1728E+01   0.5786E-02
   0.1885E+01   0.4894E-02
   0.2042E+01   0.4467E-02
   0.2199E+01   0.4244E-02
   0.2356E+01   0.3965E-02
   0.2513E+01   0.3954E-02
   0.2670E+01   0.4217E-02
   0.2827E+01   0.4821E-02
   0.2985E+01   0.5853E-02
