   0.1571E+00   0.4369E+01
   0.3142E+00   0.1080E+01
   0.4712E+00   0.4018E+00
   0.6283E+00   0.1790E+00
   0.7854E+00   0.9840E-01
   0.9425E+00   0.5856E-01
   0.1100E+01   0.3747E-01
   0.1257E+01   0.2575E-01
   0.1414E+01   0.1870E-01
   0.1571E+01   0.1430E-01
   0.1728E+01   0.1143E-01
   0.1885E+01   0.9665E-02
   0.2042E+01   0.8821E-02
   0.2199E+01   0.8380E-02
   0.2356E+01   0.7830E-02
   0.2513E+01   0.7808E-02
   0.2670E+01   0.8327E-02
   0.2827E+01   0.9521E-02
   0.2985E+01   0.1156E-01
