   1.2444E-02
   1.6127E-02
   2.0736E-02
   2.6451E-02
   3.3477E-02
   4.2036E-02
   5.2367E-02
   6.4725E-02
   7.9370E-02
   9.6563E-02
   1.1656E-01
   1.3958E-01
   1.6584E-01
   1.9550E-01
   2.2864E-01
   2.6529E-01
   3.0541E-01
   3.4882E-01
   3.9527E-01
   4.4439E-01
   4.9567E-01
   5.4853E-01
   6.0225E-01
   6.5603E-01
   7.0900E-01
   7.6021E-01
   8.0872E-01
   8.5355E-01
   8.9378E-01
   9.2855E-01
   9.5708E-01
   9.7874E-01
   9.9301E-01
   9.9956E-01
   9.9825E-01
   9.8909E-01
   9.7232E-01
   9.4831E-01
   9.1762E-01
   8.8094E-01
   8.3907E-01
   7.9291E-01
   7.4340E-01
   6.9149E-01
   6.3815E-01
   5.8430E-01
   5.3078E-01
   4.7837E-01
   4.2775E-01
   3.7947E-01
